% This file was created by tikzplotlib v0.9.6.
\begin{tikzpicture}

\definecolor{color0}{rgb}{0.12156862745098,0.466666666666667,0.705882352941177}

\begin{axis}[
tick align=outside,
tick pos=left,
x grid style={white!69.0196078431373!black},
xmin=-2.4, xmax=50.4,
xtick style={color=black},
y grid style={white!69.0196078431373!black},
ymin=-24160740532188.5, ymax=1150441163017.43,
ytick style={color=black}
]
\addplot [semithick, color0]
table {%
0 -67095855.5675253
1 -825257346.677238
2 -3288237943.78358
3 -8617290351.72107
4 -18057494341.4373
5 -32350770720.7287
6 -52642954046.5726
7 -80011736958.107
8 -115711591800.438
9 -160790330273.33
10 -216597073578.481
11 -283887380600.151
12 -363793293975.174
13 -457608814160.198
14 -566555393079.004
15 -691777972438.448
16 -835046457073.402
17 -996343272122.55
18 -1177513602424.5
19 -1380745854402.13
20 -1606526531233.22
21 -1856547144297.19
22 -2131971392984.56
23 -2434571193710.28
24 -2767140955109.33
25 -3129678459795.81
26 -3521075227420.32
27 -3946631597464.57
28 -4406152623532.59
29 -4901999120068.17
30 -5431399374546.37
31 -6000238847952.67
32 -6611130294254.07
33 -7260992357286.22
34 -7952928666758.48
35 -8691978306332.29
36 -9469827709386.8
37 -10300535920162.8
38 -11178400899366.9
39 -12106836734335.8
40 -13087122989569.8
41 -14121058400684.8
42 -15213187003035.1
43 -16357757429099.7
44 -17561298810949.4
45 -18824271396655.4
46 -20152610579308.9
47 -21544996114956.7
48 -23010232273315.5
};
\end{axis}

\end{tikzpicture}
